66 790 335 -1 -1
77 894 346 -1 -1
54 1746 397 -1 -1
4 7 287 -1 -1
0 299 319 -1 -1
40 1086 363 -1 -1
2 5 277 -1 -1
1 5 277 -1 -1
8 4 274 -1 -1
3 3 256 -1 -1
5 3 256 -1 -1
6 3 257 -1 -1
7 3 257 -1 -1
9 3 258 -1 -1
10 3 258 -1 -1
11 3 259 -1 -1
12 3 259 -1 -1
13 3 260 -1 -1
14 3 260 -1 -1
15 3 261 -1 -1
16 3 261 -1 -1
17 3 262 -1 -1
18 3 262 -1 -1
19 3 263 -1 -1
20 3 263 -1 -1
21 3 264 -1 -1
22 3 264 -1 -1
23 3 265 -1 -1
24 3 265 -1 -1
25 4 274 -1 -1
26 10 290 -1 -1
27 25 302 -1 -1
28 31 304 -1 -1
29 66 308 -1 -1
30 96 311 -1 -1
31 138 313 -1 -1
32 180 315 -1 -1
33 227 317 -1 -1
34 309 320 -1 -1
35 423 323 -1 -1
36 511 325 -1 -1
37 610 327 -1 -1
38 781 334 -1 -1
39 925 351 -1 -1
41 1282 374 -1 -1
42 1432 383 -1 -1
43 1645 393 -1 -1
44 1759 398 -1 -1
45 1849 405 -1 -1
46 2041 416 -1 -1
47 2069 420 -1 -1
48 2010 415 -1 -1
49 2084 420 -1 -1
50 2056 418 -1 -1
51 2042 417 -1 -1
52 1972 414 -1 -1
53 1849 405 -1 -1
55 1676 395 -1 -1
56 1552 388 -1 -1
57 1481 385 -1 -1
58 1292 374 -1 -1
59 1252 373 -1 -1
60 1196 368 -1 -1
61 1029 360 -1 -1
62 962 357 -1 -1
63 951 355 -1 -1
64 913 348 -1 -1
65 871 343 -1 -1
67 804 336 -1 -1
68 774 333 -1 -1
69 779 334 -1 -1
70 851 342 -1 -1
71 815 337 -1 -1
72 823 338 -1 -1
73 804 336 -1 -1
74 883 345 -1 -1
75 906 347 -1 -1
76 853 343 -1 -1
78 941 354 -1 -1
79 938 352 -1 -1
80 919 349 -1 -1
81 927 351 -1 -1
82 850 341 -1 -1
83 954 356 -1 -1
84 938 353 -1 -1
85 968 357 -1 -1
86 997 358 -1 -1
87 1018 359 -1 -1
88 1075 362 -1 -1
89 1111 364 -1 -1
90 1127 365 -1 -1
91 1227 369 -1 -1
92 1197 368 -1 -1
93 1349 377 -1 -1
94 1416 382 -1 -1
95 1560 388 -1 -1
96 1631 391 -1 -1
97 1794 402 -1 -1
98 1856 407 -1 -1
99 2108 422 -1 -1
100 1933 413 -1 -1
101 1902 411 -1 -1
102 1944 413 -1 -1
103 1843 404 -1 -1
104 1766 399 -1 -1
105 1740 397 -1 -1
106 1591 390 -1 -1
107 1501 386 -1 -1
108 1469 385 -1 -1
109 1339 376 -1 -1
110 1372 378 -1 -1
111 1392 380 -1 -1
112 1366 378 -1 -1
113 1445 383 -1 -1
114 1384 380 -1 -1
115 1339 376 -1 -1
116 1412 381 -1 -1
117 1467 384 -1 -1
118 1547 387 -1 -1
119 1520 386 -1 -1
120 1629 391 -1 -1
121 1792 401 -1 -1
122 1793 401 -1 -1
123 1881 409 -1 -1
124 2064 419 -1 -1
125 2100 421 -1 -1
126 2314 430 -1 -1
127 2303 429 -1 -1
128 2388 434 -1 -1
129 2486 439 -1 -1
130 2393 434 -1 -1
131 2265 427 -1 -1
132 2238 426 -1 -1
133 2119 422 -1 -1
134 1996 415 -1 -1
135 1861 407 -1 -1
136 1932 412 -1 -1
137 1892 410 -1 -1
138 2043 417 -1 -1
139 2131 423 -1 -1
140 2273 427 -1 -1
141 2273 428 -1 -1
142 2344 432 -1 -1
143 2436 437 -1 -1
144 2469 438 -1 -1
145 2412 436 -1 -1
146 2217 425 -1 -1
147 2343 432 -1 -1
148 2288 428 -1 -1
149 2205 424 -1 -1
150 2317 430 -1 -1
151 2330 431 -1 -1
152 2377 433 -1 -1
153 2614 441 -1 -1
154 2726 444 -1 -1
155 2693 443 -1 -1
156 2676 442 -1 -1
157 2496 440 -1 -1
158 2394 435 -1 -1
159 2289 429 -1 -1
160 2065 419 -1 -1
161 1849 406 -1 -1
162 1772 400 -1 -1
163 1631 392 -1 -1
164 1457 384 -1 -1
165 1406 381 -1 -1
166 1373 379 -1 -1
167 1250 372 -1 -1
168 1204 369 -1 -1
169 1244 371 -1 -1
170 1142 366 -1 -1
171 1190 367 -1 -1
172 1353 377 -1 -1
173 1245 372 -1 -1
174 1228 370 -1 -1
175 1187 366 -1 -1
176 1193 367 -1 -1
177 1239 371 -1 -1
178 1111 364 -1 -1
179 953 356 -1 -1
180 922 350 -1 -1
181 823 339 -1 -1
182 793 335 -1 -1
183 684 331 -1 -1
184 629 328 -1 -1
185 622 328 -1 -1
186 644 329 -1 -1
187 694 332 -1 -1
188 650 329 -1 -1
189 667 330 -1 -1
190 729 332 -1 -1
191 818 338 -1 -1
192 828 340 -1 -1
193 915 349 -1 -1
194 929 352 -1 -1
195 1019 360 -1 -1
196 879 344 -1 -1
197 883 345 -1 -1
198 895 346 -1 -1
199 827 340 -1 -1
200 846 341 -1 -1
201 913 348 -1 -1
202 851 342 -1 -1
203 871 344 -1 -1
204 908 347 -1 -1
205 990 358 -1 -1
206 950 355 -1 -1
207 1070 362 -1 -1
208 1107 363 -1 -1
209 1035 361 -1 -1
210 939 353 -1 -1
211 1051 361 -1 -1
212 942 354 -1 -1
213 817 337 -1 -1
214 692 331 -1 -1
215 565 326 -1 -1
216 505 325 -1 -1
217 382 322 -1 -1
218 382 322 -1 -1
219 312 321 -1 -1
220 221 317 -1 -1
221 241 318 -1 -1
222 209 316 -1 -1
223 178 315 -1 -1
224 122 312 -1 -1
225 81 310 -1 -1
226 72 309 -1 -1
227 58 307 -1 -1
228 58 308 -1 -1
229 25 303 -1 -1
230 23 300 -1 -1
231 11 291 -1 -1
232 10 290 -1 -1
233 9 289 -1 -1
234 11 292 -1 -1
235 4 275 -1 -1
236 3 266 -1 -1
237 3 266 -1 -1
238 4 275 -1 -1
239 3 267 -1 -1
240 3 267 -1 -1
241 3 268 -1 -1
242 5 278 -1 -1
243 3 268 -1 -1
244 4 276 -1 -1
245 4 276 -1 -1
246 3 269 -1 -1
247 3 269 -1 -1
248 3 270 -1 -1
249 3 270 -1 -1
250 3 271 -1 -1
251 3 271 -1 -1
252 3 272 -1 -1
253 3 272 -1 -1
254 3 273 -1 -1
255 3 273 -1 -1
None 6 278 9 10
None 6 279 11 12
None 6 279 13 14
None 6 280 15 16
None 6 280 17 18
None 6 281 19 20
None 6 281 21 22
None 6 282 23 24
None 6 282 25 26
None 6 283 27 28
None 6 283 236 237
None 6 284 239 240
None 6 284 241 243
None 6 285 246 247
None 6 285 248 249
None 6 286 250 251
None 6 286 252 253
None 6 287 254 255
None 8 288 8 29
None 8 288 235 238
None 8 289 244 245
None 10 291 6 7
None 11 292 242 256
None 12 293 257 258
None 12 293 259 260
None 12 294 261 262
None 12 294 263 264
None 12 295 265 266
None 12 295 267 268
None 12 296 269 270
None 12 296 271 272
None 13 297 273 3
None 16 297 274 275
None 17 298 276 233
None 20 298 30 232
None 21 299 277 231
None 22 299 234 278
None 24 300 279 280
None 24 301 281 282
None 24 301 283 284
None 24 302 285 286
None 29 303 287 288
None 37 304 289 290
None 43 305 291 292
None 47 305 230 293
None 48 306 294 295
None 49 306 296 31
None 54 307 229 297
None 68 309 32 298
None 90 310 299 300
None 97 311 301 302
None 112 312 303 227
None 124 313 228 33
None 140 314 304 226
None 171 314 225 305
None 193 316 34 306
None 234 318 307 224
None 262 319 308 35
None 311 320 309 310
None 358 321 223 36
None 402 323 311 222
None 448 324 220 37
None 475 324 312 221
None 561 326 313 4
None 620 327 38 314
None 670 330 219 315
None 764 333 217 218
None 825 339 316 39
None 923 350 317 318
None 1016 359 216 40
None 1126 365 319 215
None 1230 370 41 320
None 1251 373 185 184
None 1294 375 186 188
None 1337 375 189 321
None 1376 379 183 214
None 1423 382 187 190
None 1538 387 322 69
None 1560 389 70 42
None 1583 389 0 182
None 1608 390 68 74
None 1632 392 72 213
None 1641 393 191 73
None 1648 394 181 323
None 1655 394 199 192
None 1696 395 200 82
None 1702 396 71 202
None 1724 396 77 67
None 1750 398 203 196
None 1766 399 75 197
None 1789 400 1 198
None 1814 402 76 204
None 1826 403 66 201
None 1834 403 193 80
None 1845 404 180 324
None 1852 406 43 81
None 1867 408 194 79
None 1877 408 84 210
None 1883 409 78 212
None 1901 410 206 65
None 1907 411 179 83
None 1930 412 64 85
None 1987 414 205 86
None 2034 416 325 87
None 2048 418 195 63
None 2086 421 209 211
None 2145 423 207 88
None 2193 424 5 208
None 2222 425 89 178
None 2253 426 326 90
None 2329 431 170 175
None 2383 433 171 176
None 2393 435 62 92
None 2431 436 168 91
None 2458 437 174 327
None 2483 438 177 169
None 2495 439 173 167
None 2503 440 328 61
None 2574 441 44 60
None 2631 442 329 330
None 2678 443 109 115
None 2702 444 93 172
None 2738 445 112 110
None 2749 445 166 331
None 2776 446 114 111
None 2818 446 165 116
None 2839 447 94 332
None 2877 447 45 113
None 2924 448 164 117
None 2950 448 108 59
None 3021 449 107 119
None 3085 449 333 118
None 3112 450 58 95
None 3143 450 334 335
None 3199 451 106 336
None 3260 451 120 96
None 3263 452 163 337
None 3286 452 338 46
None 3303 453 339 340
None 3372 453 57 341
None 3426 454 342 343
None 3486 454 105 2
None 3509 455 344 47
None 3532 455 104 345
None 3561 456 162 346
None 3585 456 121 122
None 3608 457 97 347
None 3660 457 348 349
None 3688 458 103 350
None 3698 458 48 56
None 3701 459 161 351
None 3717 459 98 135
None 3744 460 352 353
None 3764 460 123 354
None 3793 461 137 355
None 3809 461 101 356
None 3862 462 357 136
None 3877 462 100 102
None 3959 463 55 358
None 4006 463 134 51
None 4075 464 359 49
None 4085 464 54 138
None 4104 465 360 53
None 4129 465 124 160
None 4153 466 50 52
None 4186 466 361 125
None 4227 467 99 133
None 4276 467 139 362
None 4398 468 363 149
None 4439 468 146 364
None 4491 469 132 365
None 4538 469 131 140
None 4561 470 141 148
None 4592 470 159 127
None 4631 471 126 150
None 4659 471 366 151
None 4687 472 147 142
None 4760 472 152 367
None 4781 473 128 130
None 4787 473 368 158
None 4843 474 145 369
None 4894 474 143 370
None 4952 475 144 371
None 4981 475 129 372
None 4999 476 157 373
None 5188 476 374 153
None 5307 477 375 156
None 5371 477 376 155
None 5428 478 377 154
None 5487 478 378 379
None 5594 479 380 381
None 5716 479 382 383
None 5874 480 384 385
None 6106 480 386 387
None 6255 481 388 389
None 6459 481 390 391
None 6549 482 392 393
None 6675 482 394 395
None 6912 483 396 397
None 7041 483 398 399
None 7146 484 400 401
None 7268 484 402 403
None 7386 485 404 405
None 7418 485 406 407
None 7508 486 408 409
None 7602 486 410 411
None 7739 487 412 413
None 7965 487 414 415
None 8160 488 416 417
None 8233 488 418 419
None 8339 489 420 421
None 8503 489 422 423
None 8837 490 424 425
None 9029 490 426 427
None 9153 491 428 429
None 9290 491 430 431
None 9447 492 432 433
None 9568 492 434 435
None 9737 493 436 437
None 9933 493 438 439
None 10187 494 440 441
None 10678 494 442 443
None 10915 495 444 445
None 11310 495 446 447
None 11980 496 448 449
None 12714 496 450 451
None 13224 497 452 453
None 13953 497 454 455
None 14414 498 456 457
None 14804 498 458 459
None 15110 499 460 461
None 15704 499 462 463
None 16393 500 464 465
None 16842 500 466 467
None 17866 501 468 469
None 18443 501 470 471
None 19015 502 472 473
None 19670 502 474 475
None 20865 503 476 477
None 22225 503 478 479
None 24694 504 480 481
None 27177 504 482 483
None 29218 505 484 485
None 30814 505 486 487
None 33235 506 488 489
None 36309 506 490 491
None 38685 507 492 493
None 43090 507 494 495
None 51871 508 496 497
None 60032 508 498 499
None 69544 509 500 501
None 81775 509 502 503
None 111903 510 504 505
None 151319 510 506 507
None 263222 -1 508 509
